ID,1,2,3,4,5,6,7,8
1,0.00,16.60,8.10,25.10,29.00,60.50,52.50,34.30
2,16.60,0.00,17.50,16.50,19.60,77.10,69.10,50.90
3,8.10,17.50,0.00,33.20,37.10,67.60,59.60,41.40
4,25.10,16.50,33.20,0.00,7.10,60.60,52.60,34.40
5,29.00,19.60,37.10,7.10,0.00,67.70,59.70,41.50
6,60.50,77.10,67.60,60.60,67.70,0.00,23.20,26.20
7,52.50,69.10,59.60,52.60,59.70,23.20,0.00,18.20
8,34.30,50.90,41.40,34.40,41.50,26.20,18.20,0.00
