# Практична 3 — Дискримінантний аналіз (task3)

## 1. Середні значення ознак

| Ознака | Клас A (X̄) | Клас B (Ȳ) |
|--------|-------------|-------------|
| X1 | 9.87 | 6.18 |
| X2 | 0.76 | 0.77 |
| X3 | 1.31 | 1.29 |

## 2. Коваріаційні матриці

**Sx:**
```
[[ 0.38203 -0.02091  0.02209]
 [-0.02091  0.00122 -0.00187]
 [ 0.02209 -0.00187  0.00717]]
```
**Sy:**
```
[[7.5635e-01 3.7000e-04 5.6850e-02]
 [3.7000e-04 3.2000e-04 1.6300e-03]
 [5.6850e-02 1.6300e-03 1.2350e-02]]
```

## 3. Пулінгова матриця (незміщена оцінка сумарної коваріаційної матриці)
```
[[ 7.5892e-01 -1.3690e-02  5.2630e-02]
 [-1.3690e-02  1.0300e-03 -1.6000e-04]
 [ 5.2630e-02 -1.6000e-04  1.3010e-02]]
```

## 4. Зворотна матриця
```
[[   2.6316   33.5055  -10.2305]
 [  33.5055 1402.4817 -118.2545]
 [ -10.2305 -118.2545  116.7632]]
```

## 5. Вектор коефіцієнтів дискримінації
```
[  9.1323 106.7822 -33.8898]
```

## 6. Оцінки дискримінантних функцій для навчальних об'єктів

| ID | Клас | Оцінка U |
|----|------|-----------|
| 1 | A | 121.4265 |
| 2 | A | 127.9046 |
| 3 | A | 131.3149 |
| 4 | A | 125.3446 |
| 5 | B | 91.8766 |
| 6 | B | 97.1098 |
| 7 | B | 86.9553 |
| 8 | B | 102.7597 |

**Ux = 126.4976**, **Uy = 94.6753**, **C = 110.5865**

## 7. Класифікація об'єктів для розпізнавання

| ID | X1 | X2 | X3 | Uz | Клас |
|----|----|----|----|------|------|
| 9 | 12.11 | 0.68 | 1.44 | 134.4032 | A |
| 10 | 4.32 | 0.68 | 1.39 | 64.9568 | B |

## 8. Критерій λ Уїлкса

- Внутрішньогрупова варіація (Qsw): 4.6377
- Міжгрупова варіація (Qsb): 27.1597
- λ Уїлкса: 5.8562
- Lw: 0.1459

## 9. Вплив ознак на дискримінацію

| Ознака | Вплив (%) |
|--------|------------|
| X1 | 6.10 |
| X2 | 71.28 |
| X3 | 22.62 |

**Найбільший внесок:** X2 — 71.28%
