# Практична 3 — Дискримінантний аналіз (task1)

## 1. Середні значення ознак

| Ознака | Клас A (X̄) | Клас B (Ȳ) |
|--------|-------------|-------------|
| X1 | 10.39 | 5.95 |
| X2 | 1.43 | 1.27 |
| X3 | 0.31 | 0.39 |

## 2. Коваріаційні матриці

**Sx:**
```
[[1.35795 0.00505 0.04035]
 [0.00505 0.00185 0.00302]
 [0.04035 0.00302 0.01102]]
```
**Sy:**
```
[[1.33012 0.00311 0.12745]
 [0.00311 0.01422 0.02047]
 [0.12745 0.02047 0.04425]]
```

## 3. Пулінгова матриця (незміщена оцінка сумарної коваріаційної матриці)
```
[[1.79205 0.00544 0.11187]
 [0.00544 0.01071 0.01566]
 [0.11187 0.01566 0.03685]]
```

## 4. Зворотна матриця
```
[[   0.9847   10.2173   -7.3319]
 [  10.2173  352.4572 -180.8157]
 [  -7.3319 -180.8157  126.2468]]
```

## 5. Вектор коефіцієнтів дискримінації
```
[  6.5631 114.9385 -71.0139]
```

## 6. Оцінки дискримінантних функцій для навчальних об'єктів

| ID | Клас | Оцінка U |
|----|------|-----------|
| 1 | A | 201.9066 |
| 2 | A | 205.1245 |
| 3 | A | 214.4542 |
| 4 | A | 221.3770 |
| 5 | B | 158.9129 |
| 6 | B | 150.6696 |
| 7 | B | 159.0013 |
| 8 | B | 162.9563 |

**Ux = 210.7156**, **Uy = 157.8850**, **C = 184.3003**

## 7. Класифікація об'єктів для розпізнавання

| ID | X1 | X2 | X3 | Uz | Клас |
|----|----|----|----|------|------|
| 9 | 6.7 | 0.79 | 0.39 | 107.0786 | B |
| 10 | 9.42 | 0.7 | 0.72 | 91.151 | B |

## 8. Критерій λ Уїлкса

- Внутрішньогрупова варіація (Qsw): 11.0376
- Міжгрупова варіація (Qsb): 39.5333
- λ Уїлкса: 3.5817
- Lw: 0.2183

## 9. Вплив ознак на дискримінацію

| Ознака | Вплив (%) |
|--------|------------|
| X1 | 3.41 |
| X2 | 59.70 |
| X3 | 36.89 |

**Найбільший внесок:** X2 — 59.70%
