# Практична 3 — Дискримінантний аналіз (task4)

## 1. Середні значення ознак

| Ознака | Клас A (X̄) | Клас B (Ȳ) |
|--------|-------------|-------------|
| X1 | 5.08 | 10.35 |
| X2 | 77.12 | 92.95 |
| X3 | 6.60 | 10.35 |

## 2. Коваріаційні матриці

**Sx:**
```
[[ 0.57187 -1.32687  0.305  ]
 [-1.32687  5.42687 -1.055  ]
 [ 0.305   -1.055    0.215  ]]
```
**Sy:**
```
[[1.1225 1.185  0.8   ]
 [1.185  2.2725 0.8925]
 [0.8    0.8925 0.6425]]
```

## 3. Пулінгова матриця (незміщена оцінка сумарної коваріаційної матриці)
```
[[ 1.12958 -0.09458  0.73667]
 [-0.09458  5.13291 -0.10833]
 [ 0.73667 -0.10833  0.57167]]
```

## 4. Зворотна матриця
```
[[ 5.5589 -0.049  -7.1726]
 [-0.049   0.196   0.1002]
 [-7.1726  0.1002 11.0111]]
```

## 5. Вектор коефіцієнтів дискримінації
```
[-1.6511 -3.2199 -5.0423]
```

## 6. Оцінки дискримінантних функцій для навчальних об'єктів

| ID | Клас | Оцінка U |
|----|------|-----------|
| 1 | A | -294.4493 |
| 2 | A | -292.9401 |
| 3 | A | -289.7573 |
| 4 | A | -282.8229 |
| 5 | B | -351.7891 |
| 6 | B | -374.5519 |
| 7 | B | -376.7833 |
| 8 | B | -371.1368 |

**Ux = -289.9924**, **Uy = -368.5653**, **C = -329.2789**

## 7. Класифікація об'єктів для розпізнавання

| ID | X1 | X2 | X3 | Uz | Клас |
|----|----|----|----|------|------|
| 9 | 5.5 | 74.0 | 6.1 | -278.1108 | A |
| 10 | 9.7 | 92.5 | 11.1 | -369.8249 | B |

## 8. Критерій λ Уїлкса

- Внутрішньогрупова варіація (Qsw): 41.0050
- Міжгрупова варіація (Qsb): 584.6375
- λ Уїлкса: 14.2577
- Lw: 0.0655

## 9. Вплив ознак на дискримінацію

| Ознака | Вплив (%) |
|--------|------------|
| X1 | 16.66 |
| X2 | 32.48 |
| X3 | 50.86 |

**Найбільший внесок:** X3 — 50.86%
