ID,1,2,3,4,5,6,7,8
1,0.00,2.19,102.81,5.91,7.52,104.20,101.50,2.36
2,2.19,0.00,104.43,6.92,7.28,105.81,103.13,4.55
3,102.81,104.43,0.00,97.68,99.50,1.84,1.32,100.90
4,5.91,6.92,97.68,0.00,4.12,99.04,96.37,5.34
5,7.52,7.28,99.50,4.12,0.00,100.81,98.19,8.18
6,104.20,105.81,1.84,99.04,100.81,0.00,2.88,102.31
7,101.50,103.13,1.32,96.37,98.19,2.88,0.00,99.60
8,2.36,4.55,100.90,5.34,8.18,102.31,99.60,0.00
