ID,1,2,3,4,5,6,7,8
1,0.00,13.01,14.23,3.00,22.24,2.82,20.65,25.22
2,13.01,0.00,10.59,10.61,35.19,15.61,33.56,14.22
3,14.23,10.59,0.00,13.93,34.59,15.38,33.23,13.21
4,3.00,10.61,13.93,0.00,24.62,5.81,22.97,23.67
5,22.24,35.19,34.59,24.62,0.00,19.94,1.75,47.02
6,2.82,15.61,15.38,5.81,19.94,0.00,18.41,27.17
7,20.65,33.56,33.23,22.97,1.75,18.41,0.00,45.55
8,25.22,14.22,13.21,23.67,47.02,27.17,45.55,0.00
